-34.875 -3.5 
-2.775 -3.5 
21.225 -3.5 
58.225 -3.5 
84.225 -3.5 
-24.975 3.5 
9.225 3.5 
27.225 3.5 
71.225 3.5 
90.725 3.5 
-36.0 17.0 
-35.0 17.0 
-34.0 17.0 
-33.0 17.0 
-32.0 17.0 
-31.0 17.0 
-30.0 17.0 
-29.0 17.0 
-28.0 17.0 
-27.0 17.0 
-26.0 17.0 
-25.0 17.0 
-24.0 17.0 
-23.0 17.0 
-22.0 17.0 
-21.0 17.0 
-20.0 17.0 
-19.0 17.0 
-18.0 17.0 
-36.0 18.0 
-35.0 18.0 
-34.0 18.0 
-33.0 18.0 
-32.0 18.0 
-31.0 18.0 
-30.0 18.0 
-29.0 18.0 
-28.0 18.0 
-27.0 18.0 
-26.0 18.0 
-25.0 18.0 
-24.0 18.0 
-23.0 18.0 
-22.0 18.0 
-21.0 18.0 
-20.0 18.0 
-19.0 18.0 
-18.0 18.0 
-36.0 19.0 
-35.0 19.0 
-34.0 19.0 
-33.0 19.0 
-32.0 19.0 
-31.0 19.0 
-30.0 19.0 
-29.0 19.0 
-28.0 19.0 
-27.0 19.0 
-26.0 19.0 
-25.0 19.0 
-24.0 19.0 
-23.0 19.0 
-22.0 19.0 
-21.0 19.0 
-20.0 19.0 
-19.0 19.0 
-18.0 19.0 
-36.0 20.0 
-35.0 20.0 
-34.0 20.0 
-33.0 20.0 
-32.0 20.0 
-31.0 20.0 
-30.0 20.0 
-29.0 20.0 
-28.0 20.0 
-27.0 20.0 
-26.0 20.0 
-25.0 20.0 
-24.0 20.0 
-23.0 20.0 
-22.0 20.0 
-21.0 20.0 
-20.0 20.0 
-19.0 20.0 
-18.0 20.0 
-36.0 21.0 
-35.0 21.0 
-34.0 21.0 
-33.0 21.0 
-32.0 21.0 
-31.0 21.0 
-30.0 21.0 
-29.0 21.0 
-28.0 21.0 
-27.0 21.0 
-26.0 21.0 
-25.0 21.0 
-24.0 21.0 
-23.0 21.0 
-22.0 21.0 
-21.0 21.0 
-20.0 21.0 
-19.0 21.0 
-18.0 21.0 
-36.0 22.0 
-35.0 22.0 
-34.0 22.0 
-33.0 22.0 
-32.0 22.0 
-31.0 22.0 
-30.0 22.0 
-29.0 22.0 
-28.0 22.0 
-27.0 22.0 
-26.0 22.0 
-25.0 22.0 
-24.0 22.0 
-23.0 22.0 
-22.0 22.0 
-21.0 22.0 
-20.0 22.0 
-19.0 22.0 
-18.0 22.0 
-36.0 23.0 
-35.0 23.0 
-34.0 23.0 
-33.0 23.0 
-32.0 23.0 
-31.0 23.0 
-30.0 23.0 
-29.0 23.0 
-28.0 23.0 
-27.0 23.0 
-26.0 23.0 
-25.0 23.0 
-24.0 23.0 
-23.0 23.0 
-22.0 23.0 
-21.0 23.0 
-20.0 23.0 
-19.0 23.0 
-18.0 23.0 
-36.0 24.0 
-35.0 24.0 
-34.0 24.0 
-33.0 24.0 
-32.0 24.0 
-31.0 24.0 
-30.0 24.0 
-29.0 24.0 
-28.0 24.0 
-27.0 24.0 
-26.0 24.0 
-25.0 24.0 
-24.0 24.0 
-23.0 24.0 
-22.0 24.0 
-21.0 24.0 
-20.0 24.0 
-19.0 24.0 
-18.0 24.0 
-36.0 25.0 
-35.0 25.0 
-34.0 25.0 
-33.0 25.0 
-32.0 25.0 
-31.0 25.0 
-30.0 25.0 
-29.0 25.0 
-28.0 25.0 
-27.0 25.0 
-26.0 25.0 
-25.0 25.0 
-24.0 25.0 
-23.0 25.0 
-22.0 25.0 
-21.0 25.0 
-20.0 25.0 
-19.0 25.0 
-18.0 25.0 
-36.0 26.0 
-35.0 26.0 
-34.0 26.0 
-33.0 26.0 
-32.0 26.0 
-31.0 26.0 
-30.0 26.0 
-29.0 26.0 
-28.0 26.0 
-27.0 26.0 
-26.0 26.0 
-25.0 26.0 
-24.0 26.0 
-23.0 26.0 
-22.0 26.0 
-21.0 26.0 
-20.0 26.0 
-19.0 26.0 
-18.0 26.0 
-36.0 27.0 
-35.0 27.0 
-34.0 27.0 
-33.0 27.0 
-32.0 27.0 
-31.0 27.0 
-30.0 27.0 
-29.0 27.0 
-28.0 27.0 
-27.0 27.0 
-26.0 27.0 
-25.0 27.0 
-24.0 27.0 
-23.0 27.0 
-22.0 27.0 
-21.0 27.0 
-20.0 27.0 
-19.0 27.0 
-18.0 27.0 
-36.0 28.0 
-35.0 28.0 
-34.0 28.0 
-33.0 28.0 
-32.0 28.0 
-31.0 28.0 
-30.0 28.0 
-29.0 28.0 
-28.0 28.0 
-27.0 28.0 
-26.0 28.0 
-25.0 28.0 
-24.0 28.0 
-23.0 28.0 
-22.0 28.0 
-21.0 28.0 
-20.0 28.0 
-19.0 28.0 
-18.0 28.0 
-36.0 29.0 
-35.0 29.0 
-34.0 29.0 
-33.0 29.0 
-32.0 29.0 
-31.0 29.0 
-30.0 29.0 
-29.0 29.0 
-28.0 29.0 
-27.0 29.0 
-26.0 29.0 
-25.0 29.0 
-24.0 29.0 
-23.0 29.0 
-22.0 29.0 
-21.0 29.0 
-20.0 29.0 
-19.0 29.0 
-18.0 29.0 
-36.0 30.0 
-35.0 30.0 
-34.0 30.0 
-33.0 30.0 
-32.0 30.0 
-31.0 30.0 
-30.0 30.0 
-29.0 30.0 
-28.0 30.0 
-27.0 30.0 
-26.0 30.0 
-25.0 30.0 
-24.0 30.0 
-23.0 30.0 
-22.0 30.0 
-21.0 30.0 
-20.0 30.0 
-19.0 30.0 
-18.0 30.0 
-36.0 31.0 
-35.0 31.0 
-34.0 31.0 
-33.0 31.0 
-32.0 31.0 
-31.0 31.0 
-30.0 31.0 
-29.0 31.0 
-28.0 31.0 
-27.0 31.0 
-26.0 31.0 
-25.0 31.0 
-24.0 31.0 
-23.0 31.0 
-22.0 31.0 
-21.0 31.0 
-20.0 31.0 
-19.0 31.0 
-18.0 31.0 
-36.0 32.0 
-35.0 32.0 
-34.0 32.0 
-33.0 32.0 
-32.0 32.0 
-31.0 32.0 
-30.0 32.0 
-29.0 32.0 
-28.0 32.0 
-27.0 32.0 
-26.0 32.0 
-25.0 32.0 
-24.0 32.0 
-23.0 32.0 
-22.0 32.0 
-21.0 32.0 
-20.0 32.0 
-19.0 32.0 
-18.0 32.0 
-36.0 33.0 
-35.0 33.0 
-34.0 33.0 
-33.0 33.0 
-32.0 33.0 
-31.0 33.0 
-30.0 33.0 
-29.0 33.0 
-28.0 33.0 
-27.0 33.0 
-26.0 33.0 
-25.0 33.0 
-24.0 33.0 
-23.0 33.0 
-22.0 33.0 
-21.0 33.0 
-20.0 33.0 
-19.0 33.0 
-18.0 33.0 
-36.0 34.0 
-35.0 34.0 
-34.0 34.0 
-33.0 34.0 
-32.0 34.0 
-31.0 34.0 
-30.0 34.0 
-29.0 34.0 
-28.0 34.0 
-27.0 34.0 
-26.0 34.0 
-25.0 34.0 
-24.0 34.0 
-23.0 34.0 
-22.0 34.0 
-21.0 34.0 
-20.0 34.0 
-19.0 34.0 
-18.0 34.0 
-35.9 -29.4 
-34.9 -29.4 
-33.9 -29.4 
-32.9 -29.4 
-31.9 -29.4 
-30.9 -29.4 
-29.9 -29.4 
-35.9 -28.4 
-34.9 -28.4 
-33.9 -28.4 
-32.9 -28.4 
-31.9 -28.4 
-30.9 -28.4 
-29.9 -28.4 
-35.9 -27.4 
-34.9 -27.4 
-33.9 -27.4 
-32.9 -27.4 
-31.9 -27.4 
-30.9 -27.4 
-29.9 -27.4 
-35.9 -26.4 
-34.9 -26.4 
-33.9 -26.4 
-32.9 -26.4 
-31.9 -26.4 
-30.9 -26.4 
-29.9 -26.4 
-35.9 -25.4 
-34.9 -25.4 
-33.9 -25.4 
-32.9 -25.4 
-31.9 -25.4 
-30.9 -25.4 
-29.9 -25.4 
-35.9 -24.4 
-34.9 -24.4 
-33.9 -24.4 
-32.9 -24.4 
-31.9 -24.4 
-30.9 -24.4 
-29.9 -24.4 
-35.9 -23.4 
-34.9 -23.4 
-33.9 -23.4 
-32.9 -23.4 
-31.9 -23.4 
-30.9 -23.4 
-29.9 -23.4 
-35.9 -22.4 
-34.9 -22.4 
-33.9 -22.4 
-32.9 -22.4 
-31.9 -22.4 
-30.9 -22.4 
-29.9 -22.4 
-35.9 -21.4 
-34.9 -21.4 
-33.9 -21.4 
-32.9 -21.4 
-31.9 -21.4 
-30.9 -21.4 
-29.9 -21.4 
-35.9 -20.4 
-34.9 -20.4 
-33.9 -20.4 
-32.9 -20.4 
-31.9 -20.4 
-30.9 -20.4 
-29.9 -20.4 
-35.9 -19.4 
-34.9 -19.4 
-33.9 -19.4 
-32.9 -19.4 
-31.9 -19.4 
-30.9 -19.4 
-29.9 -19.4 
-35.9 -18.4 
-34.9 -18.4 
-33.9 -18.4 
-32.9 -18.4 
-31.9 -18.4 
-30.9 -18.4 
-29.9 -18.4 
-35.9 -17.4 
-34.9 -17.4 
-33.9 -17.4 
-32.9 -17.4 
-31.9 -17.4 
-30.9 -17.4 
-29.9 -17.4 
-35.9 -16.4 
-34.9 -16.4 
-33.9 -16.4 
-32.9 -16.4 
-31.9 -16.4 
-30.9 -16.4 
-29.9 -16.4 
-35.9 -15.399999999999999 
-34.9 -15.399999999999999 
-33.9 -15.399999999999999 
-32.9 -15.399999999999999 
-31.9 -15.399999999999999 
-30.9 -15.399999999999999 
-29.9 -15.399999999999999 
-35.9 -14.399999999999999 
-34.9 -14.399999999999999 
-33.9 -14.399999999999999 
-32.9 -14.399999999999999 
-31.9 -14.399999999999999 
-30.9 -14.399999999999999 
-29.9 -14.399999999999999 
-35.9 -13.399999999999999 
-34.9 -13.399999999999999 
-33.9 -13.399999999999999 
-32.9 -13.399999999999999 
-31.9 -13.399999999999999 
-30.9 -13.399999999999999 
-29.9 -13.399999999999999 
-36.2 -35.5 
-35.2 -35.5 
-34.2 -35.5 
-33.2 -35.5 
-32.2 -35.5 
-31.200000000000003 -35.5 
-30.200000000000003 -35.5 
-29.200000000000003 -35.5 
-28.200000000000003 -35.5 
-27.200000000000003 -35.5 
-26.200000000000003 -35.5 
-25.200000000000003 -35.5 
-24.200000000000003 -35.5 
-23.200000000000003 -35.5 
-22.200000000000003 -35.5 
-21.200000000000003 -35.5 
-20.200000000000003 -35.5 
-19.200000000000003 -35.5 
-36.2 -34.5 
-35.2 -34.5 
-34.2 -34.5 
-33.2 -34.5 
-32.2 -34.5 
-31.200000000000003 -34.5 
-30.200000000000003 -34.5 
-29.200000000000003 -34.5 
-28.200000000000003 -34.5 
-27.200000000000003 -34.5 
-26.200000000000003 -34.5 
-25.200000000000003 -34.5 
-24.200000000000003 -34.5 
-23.200000000000003 -34.5 
-22.200000000000003 -34.5 
-21.200000000000003 -34.5 
-20.200000000000003 -34.5 
-19.200000000000003 -34.5 
-36.2 -33.5 
-35.2 -33.5 
-34.2 -33.5 
-33.2 -33.5 
-32.2 -33.5 
-31.200000000000003 -33.5 
-30.200000000000003 -33.5 
-29.200000000000003 -33.5 
-28.200000000000003 -33.5 
-27.200000000000003 -33.5 
-26.200000000000003 -33.5 
-25.200000000000003 -33.5 
-24.200000000000003 -33.5 
-23.200000000000003 -33.5 
-22.200000000000003 -33.5 
-21.200000000000003 -33.5 
-20.200000000000003 -33.5 
-19.200000000000003 -33.5 
-36.2 -32.5 
-35.2 -32.5 
-34.2 -32.5 
-33.2 -32.5 
-32.2 -32.5 
-31.200000000000003 -32.5 
-30.200000000000003 -32.5 
-29.200000000000003 -32.5 
-28.200000000000003 -32.5 
-27.200000000000003 -32.5 
-26.200000000000003 -32.5 
-25.200000000000003 -32.5 
-24.200000000000003 -32.5 
-23.200000000000003 -32.5 
-22.200000000000003 -32.5 
-21.200000000000003 -32.5 
-20.200000000000003 -32.5 
-19.200000000000003 -32.5 
-36.2 -31.5 
-35.2 -31.5 
-34.2 -31.5 
-33.2 -31.5 
-32.2 -31.5 
-31.200000000000003 -31.5 
-30.200000000000003 -31.5 
-29.200000000000003 -31.5 
-28.200000000000003 -31.5 
-27.200000000000003 -31.5 
-26.200000000000003 -31.5 
-25.200000000000003 -31.5 
-24.200000000000003 -31.5 
-23.200000000000003 -31.5 
-22.200000000000003 -31.5 
-21.200000000000003 -31.5 
-20.200000000000003 -31.5 
-19.200000000000003 -31.5 
-36.2 -30.5 
-35.2 -30.5 
-34.2 -30.5 
-33.2 -30.5 
-32.2 -30.5 
-31.200000000000003 -30.5 
-30.200000000000003 -30.5 
-29.200000000000003 -30.5 
-28.200000000000003 -30.5 
-27.200000000000003 -30.5 
-26.200000000000003 -30.5 
-25.200000000000003 -30.5 
-24.200000000000003 -30.5 
-23.200000000000003 -30.5 
-22.200000000000003 -30.5 
-21.200000000000003 -30.5 
-20.200000000000003 -30.5 
-19.200000000000003 -30.5 
-28.3 -27.4 
-27.3 -27.4 
-26.3 -27.4 
-25.3 -27.4 
-24.3 -27.4 
-23.3 -27.4 
-22.3 -27.4 
-28.3 -26.4 
-27.3 -26.4 
-26.3 -26.4 
-25.3 -26.4 
-24.3 -26.4 
-23.3 -26.4 
-22.3 -26.4 
-28.3 -25.4 
-27.3 -25.4 
-26.3 -25.4 
-25.3 -25.4 
-24.3 -25.4 
-23.3 -25.4 
-22.3 -25.4 
-28.3 -24.4 
-27.3 -24.4 
-26.3 -24.4 
-25.3 -24.4 
-24.3 -24.4 
-23.3 -24.4 
-22.3 -24.4 
-28.3 -23.4 
-27.3 -23.4 
-26.3 -23.4 
-25.3 -23.4 
-24.3 -23.4 
-23.3 -23.4 
-22.3 -23.4 
-28.3 -22.4 
-27.3 -22.4 
-26.3 -22.4 
-25.3 -22.4 
-24.3 -22.4 
-23.3 -22.4 
-22.3 -22.4 
-28.3 -21.4 
-27.3 -21.4 
-26.3 -21.4 
-25.3 -21.4 
-24.3 -21.4 
-23.3 -21.4 
-22.3 -21.4 
-28.3 -20.4 
-27.3 -20.4 
-26.3 -20.4 
-25.3 -20.4 
-24.3 -20.4 
-23.3 -20.4 
-22.3 -20.4 
-28.3 -19.4 
-27.3 -19.4 
-26.3 -19.4 
-25.3 -19.4 
-24.3 -19.4 
-23.3 -19.4 
-22.3 -19.4 
-28.3 -18.4 
-27.3 -18.4 
-26.3 -18.4 
-25.3 -18.4 
-24.3 -18.4 
-23.3 -18.4 
-22.3 -18.4 
-28.3 -17.4 
-27.3 -17.4 
-26.3 -17.4 
-25.3 -17.4 
-24.3 -17.4 
-23.3 -17.4 
-22.3 -17.4 
-28.3 -16.4 
-27.3 -16.4 
-26.3 -16.4 
-25.3 -16.4 
-24.3 -16.4 
-23.3 -16.4 
-22.3 -16.4 
-28.3 -15.399999999999999 
-27.3 -15.399999999999999 
-26.3 -15.399999999999999 
-25.3 -15.399999999999999 
-24.3 -15.399999999999999 
-23.3 -15.399999999999999 
-22.3 -15.399999999999999 
-28.3 -14.399999999999999 
-27.3 -14.399999999999999 
-26.3 -14.399999999999999 
-25.3 -14.399999999999999 
-24.3 -14.399999999999999 
-23.3 -14.399999999999999 
-22.3 -14.399999999999999 
-28.3 -13.399999999999999 
-27.3 -13.399999999999999 
-26.3 -13.399999999999999 
-25.3 -13.399999999999999 
-24.3 -13.399999999999999 
-23.3 -13.399999999999999 
-22.3 -13.399999999999999 
-28.3 -12.399999999999999 
-27.3 -12.399999999999999 
-26.3 -12.399999999999999 
-25.3 -12.399999999999999 
-24.3 -12.399999999999999 
-23.3 -12.399999999999999 
-22.3 -12.399999999999999 
-28.3 -11.399999999999999 
-27.3 -11.399999999999999 
-26.3 -11.399999999999999 
-25.3 -11.399999999999999 
-24.3 -11.399999999999999 
-23.3 -11.399999999999999 
-22.3 -11.399999999999999 
72.5 7.0 
73.5 7.0 
74.5 7.0 
75.5 7.0 
76.5 7.0 
77.5 7.0 
78.5 7.0 
79.5 7.0 
80.5 7.0 
81.5 7.0 
82.5 7.0 
83.5 7.0 
84.5 7.0 
85.5 7.0 
86.5 7.0 
87.5 7.0 
88.5 7.0 
89.5 7.0 
90.5 7.0 
91.5 7.0 
92.5 7.0 
72.5 8.0 
73.5 8.0 
74.5 8.0 
75.5 8.0 
76.5 8.0 
77.5 8.0 
78.5 8.0 
79.5 8.0 
80.5 8.0 
81.5 8.0 
82.5 8.0 
83.5 8.0 
84.5 8.0 
85.5 8.0 
86.5 8.0 
87.5 8.0 
88.5 8.0 
89.5 8.0 
90.5 8.0 
91.5 8.0 
92.5 8.0 
72.5 9.0 
73.5 9.0 
74.5 9.0 
75.5 9.0 
76.5 9.0 
77.5 9.0 
78.5 9.0 
79.5 9.0 
80.5 9.0 
81.5 9.0 
82.5 9.0 
83.5 9.0 
84.5 9.0 
85.5 9.0 
86.5 9.0 
87.5 9.0 
88.5 9.0 
89.5 9.0 
90.5 9.0 
91.5 9.0 
92.5 9.0 
72.5 10.0 
73.5 10.0 
74.5 10.0 
75.5 10.0 
76.5 10.0 
77.5 10.0 
78.5 10.0 
79.5 10.0 
80.5 10.0 
81.5 10.0 
82.5 10.0 
83.5 10.0 
84.5 10.0 
85.5 10.0 
86.5 10.0 
87.5 10.0 
88.5 10.0 
89.5 10.0 
90.5 10.0 
91.5 10.0 
92.5 10.0 
72.5 11.0 
73.5 11.0 
74.5 11.0 
75.5 11.0 
76.5 11.0 
77.5 11.0 
78.5 11.0 
79.5 11.0 
80.5 11.0 
81.5 11.0 
82.5 11.0 
83.5 11.0 
84.5 11.0 
85.5 11.0 
86.5 11.0 
87.5 11.0 
88.5 11.0 
89.5 11.0 
90.5 11.0 
91.5 11.0 
92.5 11.0 
72.5 12.0 
73.5 12.0 
74.5 12.0 
75.5 12.0 
76.5 12.0 
77.5 12.0 
78.5 12.0 
79.5 12.0 
80.5 12.0 
81.5 12.0 
82.5 12.0 
83.5 12.0 
84.5 12.0 
85.5 12.0 
86.5 12.0 
87.5 12.0 
88.5 12.0 
89.5 12.0 
90.5 12.0 
91.5 12.0 
92.5 12.0 
72.5 13.0 
73.5 13.0 
74.5 13.0 
75.5 13.0 
76.5 13.0 
77.5 13.0 
78.5 13.0 
79.5 13.0 
80.5 13.0 
81.5 13.0 
82.5 13.0 
83.5 13.0 
84.5 13.0 
85.5 13.0 
86.5 13.0 
87.5 13.0 
88.5 13.0 
89.5 13.0 
90.5 13.0 
91.5 13.0 
92.5 13.0 
72.5 14.0 
73.5 14.0 
74.5 14.0 
75.5 14.0 
76.5 14.0 
77.5 14.0 
78.5 14.0 
79.5 14.0 
80.5 14.0 
81.5 14.0 
82.5 14.0 
83.5 14.0 
84.5 14.0 
85.5 14.0 
86.5 14.0 
87.5 14.0 
88.5 14.0 
89.5 14.0 
90.5 14.0 
91.5 14.0 
92.5 14.0 
72.5 15.0 
73.5 15.0 
74.5 15.0 
75.5 15.0 
76.5 15.0 
77.5 15.0 
78.5 15.0 
79.5 15.0 
80.5 15.0 
81.5 15.0 
82.5 15.0 
83.5 15.0 
84.5 15.0 
85.5 15.0 
86.5 15.0 
87.5 15.0 
88.5 15.0 
89.5 15.0 
90.5 15.0 
91.5 15.0 
92.5 15.0 
72.5 16.0 
73.5 16.0 
74.5 16.0 
75.5 16.0 
76.5 16.0 
77.5 16.0 
78.5 16.0 
79.5 16.0 
80.5 16.0 
81.5 16.0 
82.5 16.0 
83.5 16.0 
84.5 16.0 
85.5 16.0 
86.5 16.0 
87.5 16.0 
88.5 16.0 
89.5 16.0 
90.5 16.0 
91.5 16.0 
92.5 16.0 
72.5 17.0 
73.5 17.0 
74.5 17.0 
75.5 17.0 
76.5 17.0 
77.5 17.0 
78.5 17.0 
79.5 17.0 
80.5 17.0 
81.5 17.0 
82.5 17.0 
83.5 17.0 
84.5 17.0 
85.5 17.0 
86.5 17.0 
87.5 17.0 
88.5 17.0 
89.5 17.0 
90.5 17.0 
91.5 17.0 
92.5 17.0 
72.5 18.0 
73.5 18.0 
74.5 18.0 
75.5 18.0 
76.5 18.0 
77.5 18.0 
78.5 18.0 
79.5 18.0 
80.5 18.0 
81.5 18.0 
82.5 18.0 
83.5 18.0 
84.5 18.0 
85.5 18.0 
86.5 18.0 
87.5 18.0 
88.5 18.0 
89.5 18.0 
90.5 18.0 
91.5 18.0 
92.5 18.0 
72.5 19.0 
73.5 19.0 
74.5 19.0 
75.5 19.0 
76.5 19.0 
77.5 19.0 
78.5 19.0 
79.5 19.0 
80.5 19.0 
81.5 19.0 
82.5 19.0 
83.5 19.0 
84.5 19.0 
85.5 19.0 
86.5 19.0 
87.5 19.0 
88.5 19.0 
89.5 19.0 
90.5 19.0 
91.5 19.0 
92.5 19.0 
72.5 20.0 
73.5 20.0 
74.5 20.0 
75.5 20.0 
76.5 20.0 
77.5 20.0 
78.5 20.0 
79.5 20.0 
80.5 20.0 
81.5 20.0 
82.5 20.0 
83.5 20.0 
84.5 20.0 
85.5 20.0 
86.5 20.0 
87.5 20.0 
88.5 20.0 
89.5 20.0 
90.5 20.0 
91.5 20.0 
92.5 20.0 
72.5 21.0 
73.5 21.0 
74.5 21.0 
75.5 21.0 
76.5 21.0 
77.5 21.0 
78.5 21.0 
79.5 21.0 
80.5 21.0 
81.5 21.0 
82.5 21.0 
83.5 21.0 
84.5 21.0 
85.5 21.0 
86.5 21.0 
87.5 21.0 
88.5 21.0 
89.5 21.0 
90.5 21.0 
91.5 21.0 
92.5 21.0 
-3.5 -41.0 
-2.5 -41.0 
-1.5 -41.0 
-0.5 -41.0 
0.5 -41.0 
1.5 -41.0 
2.5 -41.0 
3.5 -41.0 
4.5 -41.0 
5.5 -41.0 
6.5 -41.0 
7.5 -41.0 
8.5 -41.0 
9.5 -41.0 
10.5 -41.0 
11.5 -41.0 
12.5 -41.0 
13.5 -41.0 
14.5 -41.0 
15.5 -41.0 
16.5 -41.0 
17.5 -41.0 
18.5 -41.0 
19.5 -41.0 
20.5 -41.0 
21.5 -41.0 
22.5 -41.0 
23.5 -41.0 
24.5 -41.0 
25.5 -41.0 
26.5 -41.0 
-3.5 -40.0 
-2.5 -40.0 
-1.5 -40.0 
-0.5 -40.0 
0.5 -40.0 
1.5 -40.0 
2.5 -40.0 
3.5 -40.0 
4.5 -40.0 
5.5 -40.0 
6.5 -40.0 
7.5 -40.0 
8.5 -40.0 
9.5 -40.0 
10.5 -40.0 
11.5 -40.0 
12.5 -40.0 
13.5 -40.0 
14.5 -40.0 
15.5 -40.0 
16.5 -40.0 
17.5 -40.0 
18.5 -40.0 
19.5 -40.0 
20.5 -40.0 
21.5 -40.0 
22.5 -40.0 
23.5 -40.0 
24.5 -40.0 
25.5 -40.0 
26.5 -40.0 
-3.5 -39.0 
-2.5 -39.0 
-1.5 -39.0 
-0.5 -39.0 
0.5 -39.0 
1.5 -39.0 
2.5 -39.0 
3.5 -39.0 
4.5 -39.0 
5.5 -39.0 
6.5 -39.0 
7.5 -39.0 
8.5 -39.0 
9.5 -39.0 
10.5 -39.0 
11.5 -39.0 
12.5 -39.0 
13.5 -39.0 
14.5 -39.0 
15.5 -39.0 
16.5 -39.0 
17.5 -39.0 
18.5 -39.0 
19.5 -39.0 
20.5 -39.0 
21.5 -39.0 
22.5 -39.0 
23.5 -39.0 
24.5 -39.0 
25.5 -39.0 
26.5 -39.0 
-3.5 -38.0 
-2.5 -38.0 
-1.5 -38.0 
-0.5 -38.0 
0.5 -38.0 
1.5 -38.0 
2.5 -38.0 
3.5 -38.0 
4.5 -38.0 
5.5 -38.0 
6.5 -38.0 
7.5 -38.0 
8.5 -38.0 
9.5 -38.0 
10.5 -38.0 
11.5 -38.0 
12.5 -38.0 
13.5 -38.0 
14.5 -38.0 
15.5 -38.0 
16.5 -38.0 
17.5 -38.0 
18.5 -38.0 
19.5 -38.0 
20.5 -38.0 
21.5 -38.0 
22.5 -38.0 
23.5 -38.0 
24.5 -38.0 
25.5 -38.0 
26.5 -38.0 
-3.5 -37.0 
-2.5 -37.0 
-1.5 -37.0 
-0.5 -37.0 
0.5 -37.0 
1.5 -37.0 
2.5 -37.0 
3.5 -37.0 
4.5 -37.0 
5.5 -37.0 
6.5 -37.0 
7.5 -37.0 
8.5 -37.0 
9.5 -37.0 
10.5 -37.0 
11.5 -37.0 
12.5 -37.0 
13.5 -37.0 
14.5 -37.0 
15.5 -37.0 
16.5 -37.0 
17.5 -37.0 
18.5 -37.0 
19.5 -37.0 
20.5 -37.0 
21.5 -37.0 
22.5 -37.0 
23.5 -37.0 
24.5 -37.0 
25.5 -37.0 
26.5 -37.0 
-3.5 -36.0 
-2.5 -36.0 
-1.5 -36.0 
-0.5 -36.0 
0.5 -36.0 
1.5 -36.0 
2.5 -36.0 
3.5 -36.0 
4.5 -36.0 
5.5 -36.0 
6.5 -36.0 
7.5 -36.0 
8.5 -36.0 
9.5 -36.0 
10.5 -36.0 
11.5 -36.0 
12.5 -36.0 
13.5 -36.0 
14.5 -36.0 
15.5 -36.0 
16.5 -36.0 
17.5 -36.0 
18.5 -36.0 
19.5 -36.0 
20.5 -36.0 
21.5 -36.0 
22.5 -36.0 
23.5 -36.0 
24.5 -36.0 
25.5 -36.0 
26.5 -36.0 
-3.5 -35.0 
-2.5 -35.0 
-1.5 -35.0 
-0.5 -35.0 
0.5 -35.0 
1.5 -35.0 
2.5 -35.0 
3.5 -35.0 
4.5 -35.0 
5.5 -35.0 
6.5 -35.0 
7.5 -35.0 
8.5 -35.0 
9.5 -35.0 
10.5 -35.0 
11.5 -35.0 
12.5 -35.0 
13.5 -35.0 
14.5 -35.0 
15.5 -35.0 
16.5 -35.0 
17.5 -35.0 
18.5 -35.0 
19.5 -35.0 
20.5 -35.0 
21.5 -35.0 
22.5 -35.0 
23.5 -35.0 
24.5 -35.0 
25.5 -35.0 
26.5 -35.0 
-3.5 -34.0 
-2.5 -34.0 
-1.5 -34.0 
-0.5 -34.0 
0.5 -34.0 
1.5 -34.0 
2.5 -34.0 
3.5 -34.0 
4.5 -34.0 
5.5 -34.0 
6.5 -34.0 
7.5 -34.0 
8.5 -34.0 
9.5 -34.0 
10.5 -34.0 
11.5 -34.0 
12.5 -34.0 
13.5 -34.0 
14.5 -34.0 
15.5 -34.0 
16.5 -34.0 
17.5 -34.0 
18.5 -34.0 
19.5 -34.0 
20.5 -34.0 
21.5 -34.0 
22.5 -34.0 
23.5 -34.0 
24.5 -34.0 
25.5 -34.0 
26.5 -34.0 
-3.5 -33.0 
-2.5 -33.0 
-1.5 -33.0 
-0.5 -33.0 
0.5 -33.0 
1.5 -33.0 
2.5 -33.0 
3.5 -33.0 
4.5 -33.0 
5.5 -33.0 
6.5 -33.0 
7.5 -33.0 
8.5 -33.0 
9.5 -33.0 
10.5 -33.0 
11.5 -33.0 
12.5 -33.0 
13.5 -33.0 
14.5 -33.0 
15.5 -33.0 
16.5 -33.0 
17.5 -33.0 
18.5 -33.0 
19.5 -33.0 
20.5 -33.0 
21.5 -33.0 
22.5 -33.0 
23.5 -33.0 
24.5 -33.0 
25.5 -33.0 
26.5 -33.0 
-3.5 -32.0 
-2.5 -32.0 
-1.5 -32.0 
-0.5 -32.0 
0.5 -32.0 
1.5 -32.0 
2.5 -32.0 
3.5 -32.0 
4.5 -32.0 
5.5 -32.0 
6.5 -32.0 
7.5 -32.0 
8.5 -32.0 
9.5 -32.0 
10.5 -32.0 
11.5 -32.0 
12.5 -32.0 
13.5 -32.0 
14.5 -32.0 
15.5 -32.0 
16.5 -32.0 
17.5 -32.0 
18.5 -32.0 
19.5 -32.0 
20.5 -32.0 
21.5 -32.0 
22.5 -32.0 
23.5 -32.0 
24.5 -32.0 
25.5 -32.0 
26.5 -32.0 
-3.5 -31.0 
-2.5 -31.0 
-1.5 -31.0 
-0.5 -31.0 
0.5 -31.0 
1.5 -31.0 
2.5 -31.0 
3.5 -31.0 
4.5 -31.0 
5.5 -31.0 
6.5 -31.0 
7.5 -31.0 
8.5 -31.0 
9.5 -31.0 
10.5 -31.0 
11.5 -31.0 
12.5 -31.0 
13.5 -31.0 
14.5 -31.0 
15.5 -31.0 
16.5 -31.0 
17.5 -31.0 
18.5 -31.0 
19.5 -31.0 
20.5 -31.0 
21.5 -31.0 
22.5 -31.0 
23.5 -31.0 
24.5 -31.0 
25.5 -31.0 
26.5 -31.0 
-3.5 -30.0 
-2.5 -30.0 
-1.5 -30.0 
-0.5 -30.0 
0.5 -30.0 
1.5 -30.0 
2.5 -30.0 
3.5 -30.0 
4.5 -30.0 
5.5 -30.0 
6.5 -30.0 
7.5 -30.0 
8.5 -30.0 
9.5 -30.0 
10.5 -30.0 
11.5 -30.0 
12.5 -30.0 
13.5 -30.0 
14.5 -30.0 
15.5 -30.0 
16.5 -30.0 
17.5 -30.0 
18.5 -30.0 
19.5 -30.0 
20.5 -30.0 
21.5 -30.0 
22.5 -30.0 
23.5 -30.0 
24.5 -30.0 
25.5 -30.0 
26.5 -30.0 
-3.5 -29.0 
-2.5 -29.0 
-1.5 -29.0 
-0.5 -29.0 
0.5 -29.0 
1.5 -29.0 
2.5 -29.0 
3.5 -29.0 
4.5 -29.0 
5.5 -29.0 
6.5 -29.0 
7.5 -29.0 
8.5 -29.0 
9.5 -29.0 
10.5 -29.0 
11.5 -29.0 
12.5 -29.0 
13.5 -29.0 
14.5 -29.0 
15.5 -29.0 
16.5 -29.0 
17.5 -29.0 
18.5 -29.0 
19.5 -29.0 
20.5 -29.0 
21.5 -29.0 
22.5 -29.0 
23.5 -29.0 
24.5 -29.0 
25.5 -29.0 
26.5 -29.0 
-3.5 -28.0 
-2.5 -28.0 
-1.5 -28.0 
-0.5 -28.0 
0.5 -28.0 
1.5 -28.0 
2.5 -28.0 
3.5 -28.0 
4.5 -28.0 
5.5 -28.0 
6.5 -28.0 
7.5 -28.0 
8.5 -28.0 
9.5 -28.0 
10.5 -28.0 
11.5 -28.0 
12.5 -28.0 
13.5 -28.0 
14.5 -28.0 
15.5 -28.0 
16.5 -28.0 
17.5 -28.0 
18.5 -28.0 
19.5 -28.0 
20.5 -28.0 
21.5 -28.0 
22.5 -28.0 
23.5 -28.0 
24.5 -28.0 
25.5 -28.0 
26.5 -28.0 
-3.5 -27.0 
-2.5 -27.0 
-1.5 -27.0 
-0.5 -27.0 
0.5 -27.0 
1.5 -27.0 
2.5 -27.0 
3.5 -27.0 
4.5 -27.0 
5.5 -27.0 
6.5 -27.0 
7.5 -27.0 
8.5 -27.0 
9.5 -27.0 
10.5 -27.0 
11.5 -27.0 
12.5 -27.0 
13.5 -27.0 
14.5 -27.0 
15.5 -27.0 
16.5 -27.0 
17.5 -27.0 
18.5 -27.0 
19.5 -27.0 
20.5 -27.0 
21.5 -27.0 
22.5 -27.0 
23.5 -27.0 
24.5 -27.0 
25.5 -27.0 
26.5 -27.0 
-3.5 -26.0 
-2.5 -26.0 
-1.5 -26.0 
-0.5 -26.0 
0.5 -26.0 
1.5 -26.0 
2.5 -26.0 
3.5 -26.0 
4.5 -26.0 
5.5 -26.0 
6.5 -26.0 
7.5 -26.0 
8.5 -26.0 
9.5 -26.0 
10.5 -26.0 
11.5 -26.0 
12.5 -26.0 
13.5 -26.0 
14.5 -26.0 
15.5 -26.0 
16.5 -26.0 
17.5 -26.0 
18.5 -26.0 
19.5 -26.0 
20.5 -26.0 
21.5 -26.0 
22.5 -26.0 
23.5 -26.0 
24.5 -26.0 
25.5 -26.0 
26.5 -26.0 
-3.5 -25.0 
-2.5 -25.0 
-1.5 -25.0 
-0.5 -25.0 
0.5 -25.0 
1.5 -25.0 
2.5 -25.0 
3.5 -25.0 
4.5 -25.0 
5.5 -25.0 
6.5 -25.0 
7.5 -25.0 
8.5 -25.0 
9.5 -25.0 
10.5 -25.0 
11.5 -25.0 
12.5 -25.0 
13.5 -25.0 
14.5 -25.0 
15.5 -25.0 
16.5 -25.0 
17.5 -25.0 
18.5 -25.0 
19.5 -25.0 
20.5 -25.0 
21.5 -25.0 
22.5 -25.0 
23.5 -25.0 
24.5 -25.0 
25.5 -25.0 
26.5 -25.0 
-3.5 -24.0 
-2.5 -24.0 
-1.5 -24.0 
-0.5 -24.0 
0.5 -24.0 
1.5 -24.0 
2.5 -24.0 
3.5 -24.0 
4.5 -24.0 
5.5 -24.0 
6.5 -24.0 
7.5 -24.0 
8.5 -24.0 
9.5 -24.0 
10.5 -24.0 
11.5 -24.0 
12.5 -24.0 
13.5 -24.0 
14.5 -24.0 
15.5 -24.0 
16.5 -24.0 
17.5 -24.0 
18.5 -24.0 
19.5 -24.0 
20.5 -24.0 
21.5 -24.0 
22.5 -24.0 
23.5 -24.0 
24.5 -24.0 
25.5 -24.0 
26.5 -24.0 
-3.5 -23.0 
-2.5 -23.0 
-1.5 -23.0 
-0.5 -23.0 
0.5 -23.0 
1.5 -23.0 
2.5 -23.0 
3.5 -23.0 
4.5 -23.0 
5.5 -23.0 
6.5 -23.0 
7.5 -23.0 
8.5 -23.0 
9.5 -23.0 
10.5 -23.0 
11.5 -23.0 
12.5 -23.0 
13.5 -23.0 
14.5 -23.0 
15.5 -23.0 
16.5 -23.0 
17.5 -23.0 
18.5 -23.0 
19.5 -23.0 
20.5 -23.0 
21.5 -23.0 
22.5 -23.0 
23.5 -23.0 
24.5 -23.0 
25.5 -23.0 
26.5 -23.0 
-3.5 -22.0 
-2.5 -22.0 
-1.5 -22.0 
-0.5 -22.0 
0.5 -22.0 
1.5 -22.0 
2.5 -22.0 
3.5 -22.0 
4.5 -22.0 
5.5 -22.0 
6.5 -22.0 
7.5 -22.0 
8.5 -22.0 
9.5 -22.0 
10.5 -22.0 
11.5 -22.0 
12.5 -22.0 
13.5 -22.0 
14.5 -22.0 
15.5 -22.0 
16.5 -22.0 
17.5 -22.0 
18.5 -22.0 
19.5 -22.0 
20.5 -22.0 
21.5 -22.0 
22.5 -22.0 
23.5 -22.0 
24.5 -22.0 
25.5 -22.0 
26.5 -22.0 
-3.5 -21.0 
-2.5 -21.0 
-1.5 -21.0 
-0.5 -21.0 
0.5 -21.0 
1.5 -21.0 
2.5 -21.0 
3.5 -21.0 
4.5 -21.0 
5.5 -21.0 
6.5 -21.0 
7.5 -21.0 
8.5 -21.0 
9.5 -21.0 
10.5 -21.0 
11.5 -21.0 
12.5 -21.0 
13.5 -21.0 
14.5 -21.0 
15.5 -21.0 
16.5 -21.0 
17.5 -21.0 
18.5 -21.0 
19.5 -21.0 
20.5 -21.0 
21.5 -21.0 
22.5 -21.0 
23.5 -21.0 
24.5 -21.0 
25.5 -21.0 
26.5 -21.0 
-3.5 -20.0 
-2.5 -20.0 
-1.5 -20.0 
-0.5 -20.0 
0.5 -20.0 
1.5 -20.0 
2.5 -20.0 
3.5 -20.0 
4.5 -20.0 
5.5 -20.0 
6.5 -20.0 
7.5 -20.0 
8.5 -20.0 
9.5 -20.0 
10.5 -20.0 
11.5 -20.0 
12.5 -20.0 
13.5 -20.0 
14.5 -20.0 
15.5 -20.0 
16.5 -20.0 
17.5 -20.0 
18.5 -20.0 
19.5 -20.0 
20.5 -20.0 
21.5 -20.0 
22.5 -20.0 
23.5 -20.0 
24.5 -20.0 
25.5 -20.0 
26.5 -20.0 
-3.5 -19.0 
-2.5 -19.0 
-1.5 -19.0 
-0.5 -19.0 
0.5 -19.0 
1.5 -19.0 
2.5 -19.0 
3.5 -19.0 
4.5 -19.0 
5.5 -19.0 
6.5 -19.0 
7.5 -19.0 
8.5 -19.0 
9.5 -19.0 
10.5 -19.0 
11.5 -19.0 
12.5 -19.0 
13.5 -19.0 
14.5 -19.0 
15.5 -19.0 
16.5 -19.0 
17.5 -19.0 
18.5 -19.0 
19.5 -19.0 
20.5 -19.0 
21.5 -19.0 
22.5 -19.0 
23.5 -19.0 
24.5 -19.0 
25.5 -19.0 
26.5 -19.0 
-3.5 -18.0 
-2.5 -18.0 
-1.5 -18.0 
-0.5 -18.0 
0.5 -18.0 
1.5 -18.0 
2.5 -18.0 
3.5 -18.0 
4.5 -18.0 
5.5 -18.0 
6.5 -18.0 
7.5 -18.0 
8.5 -18.0 
9.5 -18.0 
10.5 -18.0 
11.5 -18.0 
12.5 -18.0 
13.5 -18.0 
14.5 -18.0 
15.5 -18.0 
16.5 -18.0 
17.5 -18.0 
18.5 -18.0 
19.5 -18.0 
20.5 -18.0 
21.5 -18.0 
22.5 -18.0 
23.5 -18.0 
24.5 -18.0 
25.5 -18.0 
26.5 -18.0 
-3.5 -17.0 
-2.5 -17.0 
-1.5 -17.0 
-0.5 -17.0 
0.5 -17.0 
1.5 -17.0 
2.5 -17.0 
3.5 -17.0 
4.5 -17.0 
5.5 -17.0 
6.5 -17.0 
7.5 -17.0 
8.5 -17.0 
9.5 -17.0 
10.5 -17.0 
11.5 -17.0 
12.5 -17.0 
13.5 -17.0 
14.5 -17.0 
15.5 -17.0 
16.5 -17.0 
17.5 -17.0 
18.5 -17.0 
19.5 -17.0 
20.5 -17.0 
21.5 -17.0 
22.5 -17.0 
23.5 -17.0 
24.5 -17.0 
25.5 -17.0 
26.5 -17.0 
0.5 10.5 
1.5 10.5 
2.5 10.5 
3.5 10.5 
4.5 10.5 
5.5 10.5 
6.5 10.5 
7.5 10.5 
8.5 10.5 
9.5 10.5 
10.5 10.5 
11.5 10.5 
12.5 10.5 
13.5 10.5 
14.5 10.5 
15.5 10.5 
16.5 10.5 
17.5 10.5 
18.5 10.5 
0.5 11.5 
1.5 11.5 
2.5 11.5 
3.5 11.5 
4.5 11.5 
5.5 11.5 
6.5 11.5 
7.5 11.5 
8.5 11.5 
9.5 11.5 
10.5 11.5 
11.5 11.5 
12.5 11.5 
13.5 11.5 
14.5 11.5 
15.5 11.5 
16.5 11.5 
17.5 11.5 
18.5 11.5 
0.5 12.5 
1.5 12.5 
2.5 12.5 
3.5 12.5 
4.5 12.5 
5.5 12.5 
6.5 12.5 
7.5 12.5 
8.5 12.5 
9.5 12.5 
10.5 12.5 
11.5 12.5 
12.5 12.5 
13.5 12.5 
14.5 12.5 
15.5 12.5 
16.5 12.5 
17.5 12.5 
18.5 12.5 
0.5 13.5 
1.5 13.5 
2.5 13.5 
3.5 13.5 
4.5 13.5 
5.5 13.5 
6.5 13.5 
7.5 13.5 
8.5 13.5 
9.5 13.5 
10.5 13.5 
11.5 13.5 
12.5 13.5 
13.5 13.5 
14.5 13.5 
15.5 13.5 
16.5 13.5 
17.5 13.5 
18.5 13.5 
0.5 14.5 
1.5 14.5 
2.5 14.5 
3.5 14.5 
4.5 14.5 
5.5 14.5 
6.5 14.5 
7.5 14.5 
8.5 14.5 
9.5 14.5 
10.5 14.5 
11.5 14.5 
12.5 14.5 
13.5 14.5 
14.5 14.5 
15.5 14.5 
16.5 14.5 
17.5 14.5 
18.5 14.5 
0.5 15.5 
1.5 15.5 
2.5 15.5 
3.5 15.5 
4.5 15.5 
5.5 15.5 
6.5 15.5 
7.5 15.5 
8.5 15.5 
9.5 15.5 
10.5 15.5 
11.5 15.5 
12.5 15.5 
13.5 15.5 
14.5 15.5 
15.5 15.5 
16.5 15.5 
17.5 15.5 
18.5 15.5 
0.5 16.5 
1.5 16.5 
2.5 16.5 
3.5 16.5 
4.5 16.5 
5.5 16.5 
6.5 16.5 
7.5 16.5 
8.5 16.5 
9.5 16.5 
10.5 16.5 
11.5 16.5 
12.5 16.5 
13.5 16.5 
14.5 16.5 
15.5 16.5 
16.5 16.5 
17.5 16.5 
18.5 16.5 
0.5 17.5 
1.5 17.5 
2.5 17.5 
3.5 17.5 
4.5 17.5 
5.5 17.5 
6.5 17.5 
7.5 17.5 
8.5 17.5 
9.5 17.5 
10.5 17.5 
11.5 17.5 
12.5 17.5 
13.5 17.5 
14.5 17.5 
15.5 17.5 
16.5 17.5 
17.5 17.5 
18.5 17.5 
0.5 18.5 
1.5 18.5 
2.5 18.5 
3.5 18.5 
4.5 18.5 
5.5 18.5 
6.5 18.5 
7.5 18.5 
8.5 18.5 
9.5 18.5 
10.5 18.5 
11.5 18.5 
12.5 18.5 
13.5 18.5 
14.5 18.5 
15.5 18.5 
16.5 18.5 
17.5 18.5 
18.5 18.5 
0.5 19.5 
1.5 19.5 
2.5 19.5 
3.5 19.5 
4.5 19.5 
5.5 19.5 
6.5 19.5 
7.5 19.5 
8.5 19.5 
9.5 19.5 
10.5 19.5 
11.5 19.5 
12.5 19.5 
13.5 19.5 
14.5 19.5 
15.5 19.5 
16.5 19.5 
17.5 19.5 
18.5 19.5 
0.5 20.5 
1.5 20.5 
2.5 20.5 
3.5 20.5 
4.5 20.5 
5.5 20.5 
6.5 20.5 
7.5 20.5 
8.5 20.5 
9.5 20.5 
10.5 20.5 
11.5 20.5 
12.5 20.5 
13.5 20.5 
14.5 20.5 
15.5 20.5 
16.5 20.5 
17.5 20.5 
18.5 20.5 
0.5 21.5 
1.5 21.5 
2.5 21.5 
3.5 21.5 
4.5 21.5 
5.5 21.5 
6.5 21.5 
7.5 21.5 
8.5 21.5 
9.5 21.5 
10.5 21.5 
11.5 21.5 
12.5 21.5 
13.5 21.5 
14.5 21.5 
15.5 21.5 
16.5 21.5 
17.5 21.5 
18.5 21.5 
0.5 22.5 
1.5 22.5 
2.5 22.5 
3.5 22.5 
4.5 22.5 
5.5 22.5 
6.5 22.5 
7.5 22.5 
8.5 22.5 
9.5 22.5 
10.5 22.5 
11.5 22.5 
12.5 22.5 
13.5 22.5 
14.5 22.5 
15.5 22.5 
16.5 22.5 
17.5 22.5 
18.5 22.5 
0.5 23.5 
1.5 23.5 
2.5 23.5 
3.5 23.5 
4.5 23.5 
5.5 23.5 
6.5 23.5 
7.5 23.5 
8.5 23.5 
9.5 23.5 
10.5 23.5 
11.5 23.5 
12.5 23.5 
13.5 23.5 
14.5 23.5 
15.5 23.5 
16.5 23.5 
17.5 23.5 
18.5 23.5 
0.5 24.5 
1.5 24.5 
2.5 24.5 
3.5 24.5 
4.5 24.5 
5.5 24.5 
6.5 24.5 
7.5 24.5 
8.5 24.5 
9.5 24.5 
10.5 24.5 
11.5 24.5 
12.5 24.5 
13.5 24.5 
14.5 24.5 
15.5 24.5 
16.5 24.5 
17.5 24.5 
18.5 24.5 
0.5 25.5 
1.5 25.5 
2.5 25.5 
3.5 25.5 
4.5 25.5 
5.5 25.5 
6.5 25.5 
7.5 25.5 
8.5 25.5 
9.5 25.5 
10.5 25.5 
11.5 25.5 
12.5 25.5 
13.5 25.5 
14.5 25.5 
15.5 25.5 
16.5 25.5 
17.5 25.5 
18.5 25.5 
0.5 26.5 
1.5 26.5 
2.5 26.5 
3.5 26.5 
4.5 26.5 
5.5 26.5 
6.5 26.5 
7.5 26.5 
8.5 26.5 
9.5 26.5 
10.5 26.5 
11.5 26.5 
12.5 26.5 
13.5 26.5 
14.5 26.5 
15.5 26.5 
16.5 26.5 
17.5 26.5 
18.5 26.5 
0.5 27.5 
1.5 27.5 
2.5 27.5 
3.5 27.5 
4.5 27.5 
5.5 27.5 
6.5 27.5 
7.5 27.5 
8.5 27.5 
9.5 27.5 
10.5 27.5 
11.5 27.5 
12.5 27.5 
13.5 27.5 
14.5 27.5 
15.5 27.5 
16.5 27.5 
17.5 27.5 
18.5 27.5 
20.5 19.5 
21.5 19.5 
22.5 19.5 
23.5 19.5 
24.5 19.5 
25.5 19.5 
26.5 19.5 
27.5 19.5 
28.5 19.5 
29.5 19.5 
30.5 19.5 
31.5 19.5 
32.5 19.5 
33.5 19.5 
34.5 19.5 
35.5 19.5 
36.5 19.5 
37.5 19.5 
38.5 19.5 
20.5 20.5 
21.5 20.5 
22.5 20.5 
23.5 20.5 
24.5 20.5 
25.5 20.5 
26.5 20.5 
27.5 20.5 
28.5 20.5 
29.5 20.5 
30.5 20.5 
31.5 20.5 
32.5 20.5 
33.5 20.5 
34.5 20.5 
35.5 20.5 
36.5 20.5 
37.5 20.5 
38.5 20.5 
20.5 21.5 
21.5 21.5 
22.5 21.5 
23.5 21.5 
24.5 21.5 
25.5 21.5 
26.5 21.5 
27.5 21.5 
28.5 21.5 
29.5 21.5 
30.5 21.5 
31.5 21.5 
32.5 21.5 
33.5 21.5 
34.5 21.5 
35.5 21.5 
36.5 21.5 
37.5 21.5 
38.5 21.5 
20.5 22.5 
21.5 22.5 
22.5 22.5 
23.5 22.5 
24.5 22.5 
25.5 22.5 
26.5 22.5 
27.5 22.5 
28.5 22.5 
29.5 22.5 
30.5 22.5 
31.5 22.5 
32.5 22.5 
33.5 22.5 
34.5 22.5 
35.5 22.5 
36.5 22.5 
37.5 22.5 
38.5 22.5 
20.5 23.5 
21.5 23.5 
22.5 23.5 
23.5 23.5 
24.5 23.5 
25.5 23.5 
26.5 23.5 
27.5 23.5 
28.5 23.5 
29.5 23.5 
30.5 23.5 
31.5 23.5 
32.5 23.5 
33.5 23.5 
34.5 23.5 
35.5 23.5 
36.5 23.5 
37.5 23.5 
38.5 23.5 
20.5 24.5 
21.5 24.5 
22.5 24.5 
23.5 24.5 
24.5 24.5 
25.5 24.5 
26.5 24.5 
27.5 24.5 
28.5 24.5 
29.5 24.5 
30.5 24.5 
31.5 24.5 
32.5 24.5 
33.5 24.5 
34.5 24.5 
35.5 24.5 
36.5 24.5 
37.5 24.5 
38.5 24.5 
20.5 25.5 
21.5 25.5 
22.5 25.5 
23.5 25.5 
24.5 25.5 
25.5 25.5 
26.5 25.5 
27.5 25.5 
28.5 25.5 
29.5 25.5 
30.5 25.5 
31.5 25.5 
32.5 25.5 
33.5 25.5 
34.5 25.5 
35.5 25.5 
36.5 25.5 
37.5 25.5 
38.5 25.5 
20.5 26.5 
21.5 26.5 
22.5 26.5 
23.5 26.5 
24.5 26.5 
25.5 26.5 
26.5 26.5 
27.5 26.5 
28.5 26.5 
29.5 26.5 
30.5 26.5 
31.5 26.5 
32.5 26.5 
33.5 26.5 
34.5 26.5 
35.5 26.5 
36.5 26.5 
37.5 26.5 
38.5 26.5 
20.5 27.5 
21.5 27.5 
22.5 27.5 
23.5 27.5 
24.5 27.5 
25.5 27.5 
26.5 27.5 
27.5 27.5 
28.5 27.5 
29.5 27.5 
30.5 27.5 
31.5 27.5 
32.5 27.5 
33.5 27.5 
34.5 27.5 
35.5 27.5 
36.5 27.5 
37.5 27.5 
38.5 27.5 
20.5 28.5 
21.5 28.5 
22.5 28.5 
23.5 28.5 
24.5 28.5 
25.5 28.5 
26.5 28.5 
27.5 28.5 
28.5 28.5 
29.5 28.5 
30.5 28.5 
31.5 28.5 
32.5 28.5 
33.5 28.5 
34.5 28.5 
35.5 28.5 
36.5 28.5 
37.5 28.5 
38.5 28.5 
20.5 29.5 
21.5 29.5 
22.5 29.5 
23.5 29.5 
24.5 29.5 
25.5 29.5 
26.5 29.5 
27.5 29.5 
28.5 29.5 
29.5 29.5 
30.5 29.5 
31.5 29.5 
32.5 29.5 
33.5 29.5 
34.5 29.5 
35.5 29.5 
36.5 29.5 
37.5 29.5 
38.5 29.5 
20.5 30.5 
21.5 30.5 
22.5 30.5 
23.5 30.5 
24.5 30.5 
25.5 30.5 
26.5 30.5 
27.5 30.5 
28.5 30.5 
29.5 30.5 
30.5 30.5 
31.5 30.5 
32.5 30.5 
33.5 30.5 
34.5 30.5 
35.5 30.5 
36.5 30.5 
37.5 30.5 
38.5 30.5 
20.5 31.5 
21.5 31.5 
22.5 31.5 
23.5 31.5 
24.5 31.5 
25.5 31.5 
26.5 31.5 
27.5 31.5 
28.5 31.5 
29.5 31.5 
30.5 31.5 
31.5 31.5 
32.5 31.5 
33.5 31.5 
34.5 31.5 
35.5 31.5 
36.5 31.5 
37.5 31.5 
38.5 31.5 
20.5 32.5 
21.5 32.5 
22.5 32.5 
23.5 32.5 
24.5 32.5 
25.5 32.5 
26.5 32.5 
27.5 32.5 
28.5 32.5 
29.5 32.5 
30.5 32.5 
31.5 32.5 
32.5 32.5 
33.5 32.5 
34.5 32.5 
35.5 32.5 
36.5 32.5 
37.5 32.5 
38.5 32.5 
20.5 33.5 
21.5 33.5 
22.5 33.5 
23.5 33.5 
24.5 33.5 
25.5 33.5 
26.5 33.5 
27.5 33.5 
28.5 33.5 
29.5 33.5 
30.5 33.5 
31.5 33.5 
32.5 33.5 
33.5 33.5 
34.5 33.5 
35.5 33.5 
36.5 33.5 
37.5 33.5 
38.5 33.5 
20.5 34.5 
21.5 34.5 
22.5 34.5 
23.5 34.5 
24.5 34.5 
25.5 34.5 
26.5 34.5 
27.5 34.5 
28.5 34.5 
29.5 34.5 
30.5 34.5 
31.5 34.5 
32.5 34.5 
33.5 34.5 
34.5 34.5 
35.5 34.5 
36.5 34.5 
37.5 34.5 
38.5 34.5 
20.5 35.5 
21.5 35.5 
22.5 35.5 
23.5 35.5 
24.5 35.5 
25.5 35.5 
26.5 35.5 
27.5 35.5 
28.5 35.5 
29.5 35.5 
30.5 35.5 
31.5 35.5 
32.5 35.5 
33.5 35.5 
34.5 35.5 
35.5 35.5 
36.5 35.5 
37.5 35.5 
38.5 35.5 
20.5 36.5 
21.5 36.5 
22.5 36.5 
23.5 36.5 
24.5 36.5 
25.5 36.5 
26.5 36.5 
27.5 36.5 
28.5 36.5 
29.5 36.5 
30.5 36.5 
31.5 36.5 
32.5 36.5 
33.5 36.5 
34.5 36.5 
35.5 36.5 
36.5 36.5 
37.5 36.5 
38.5 36.5 
84.5 -23.5 
85.5 -23.5 
86.5 -23.5 
87.5 -23.5 
88.5 -23.5 
89.5 -23.5 
90.5 -23.5 
91.5 -23.5 
92.5 -23.5 
93.5 -23.5 
94.5 -23.5 
95.5 -23.5 
96.5 -23.5 
97.5 -23.5 
98.5 -23.5 
99.5 -23.5 
100.5 -23.5 
101.5 -23.5 
102.5 -23.5 
84.5 -22.5 
85.5 -22.5 
86.5 -22.5 
87.5 -22.5 
88.5 -22.5 
89.5 -22.5 
90.5 -22.5 
91.5 -22.5 
92.5 -22.5 
93.5 -22.5 
94.5 -22.5 
95.5 -22.5 
96.5 -22.5 
97.5 -22.5 
98.5 -22.5 
99.5 -22.5 
100.5 -22.5 
101.5 -22.5 
102.5 -22.5 
84.5 -21.5 
85.5 -21.5 
86.5 -21.5 
87.5 -21.5 
88.5 -21.5 
89.5 -21.5 
90.5 -21.5 
91.5 -21.5 
92.5 -21.5 
93.5 -21.5 
94.5 -21.5 
95.5 -21.5 
96.5 -21.5 
97.5 -21.5 
98.5 -21.5 
99.5 -21.5 
100.5 -21.5 
101.5 -21.5 
102.5 -21.5 
84.5 -20.5 
85.5 -20.5 
86.5 -20.5 
87.5 -20.5 
88.5 -20.5 
89.5 -20.5 
90.5 -20.5 
91.5 -20.5 
92.5 -20.5 
93.5 -20.5 
94.5 -20.5 
95.5 -20.5 
96.5 -20.5 
97.5 -20.5 
98.5 -20.5 
99.5 -20.5 
100.5 -20.5 
101.5 -20.5 
102.5 -20.5 
84.5 -19.5 
85.5 -19.5 
86.5 -19.5 
87.5 -19.5 
88.5 -19.5 
89.5 -19.5 
90.5 -19.5 
91.5 -19.5 
92.5 -19.5 
93.5 -19.5 
94.5 -19.5 
95.5 -19.5 
96.5 -19.5 
97.5 -19.5 
98.5 -19.5 
99.5 -19.5 
100.5 -19.5 
101.5 -19.5 
102.5 -19.5 
84.5 -18.5 
85.5 -18.5 
86.5 -18.5 
87.5 -18.5 
88.5 -18.5 
89.5 -18.5 
90.5 -18.5 
91.5 -18.5 
92.5 -18.5 
93.5 -18.5 
94.5 -18.5 
95.5 -18.5 
96.5 -18.5 
97.5 -18.5 
98.5 -18.5 
99.5 -18.5 
100.5 -18.5 
101.5 -18.5 
102.5 -18.5 
84.5 -17.5 
85.5 -17.5 
86.5 -17.5 
87.5 -17.5 
88.5 -17.5 
89.5 -17.5 
90.5 -17.5 
91.5 -17.5 
92.5 -17.5 
93.5 -17.5 
94.5 -17.5 
95.5 -17.5 
96.5 -17.5 
97.5 -17.5 
98.5 -17.5 
99.5 -17.5 
100.5 -17.5 
101.5 -17.5 
102.5 -17.5 
84.5 -16.5 
85.5 -16.5 
86.5 -16.5 
87.5 -16.5 
88.5 -16.5 
89.5 -16.5 
90.5 -16.5 
91.5 -16.5 
92.5 -16.5 
93.5 -16.5 
94.5 -16.5 
95.5 -16.5 
96.5 -16.5 
97.5 -16.5 
98.5 -16.5 
99.5 -16.5 
100.5 -16.5 
101.5 -16.5 
102.5 -16.5 
84.5 -15.5 
85.5 -15.5 
86.5 -15.5 
87.5 -15.5 
88.5 -15.5 
89.5 -15.5 
90.5 -15.5 
91.5 -15.5 
92.5 -15.5 
93.5 -15.5 
94.5 -15.5 
95.5 -15.5 
96.5 -15.5 
97.5 -15.5 
98.5 -15.5 
99.5 -15.5 
100.5 -15.5 
101.5 -15.5 
102.5 -15.5 
84.5 -14.5 
85.5 -14.5 
86.5 -14.5 
87.5 -14.5 
88.5 -14.5 
89.5 -14.5 
90.5 -14.5 
91.5 -14.5 
92.5 -14.5 
93.5 -14.5 
94.5 -14.5 
95.5 -14.5 
96.5 -14.5 
97.5 -14.5 
98.5 -14.5 
99.5 -14.5 
100.5 -14.5 
101.5 -14.5 
102.5 -14.5 
84.5 -13.5 
85.5 -13.5 
86.5 -13.5 
87.5 -13.5 
88.5 -13.5 
89.5 -13.5 
90.5 -13.5 
91.5 -13.5 
92.5 -13.5 
93.5 -13.5 
94.5 -13.5 
95.5 -13.5 
96.5 -13.5 
97.5 -13.5 
98.5 -13.5 
99.5 -13.5 
100.5 -13.5 
101.5 -13.5 
102.5 -13.5 
84.5 -12.5 
85.5 -12.5 
86.5 -12.5 
87.5 -12.5 
88.5 -12.5 
89.5 -12.5 
90.5 -12.5 
91.5 -12.5 
92.5 -12.5 
93.5 -12.5 
94.5 -12.5 
95.5 -12.5 
96.5 -12.5 
97.5 -12.5 
98.5 -12.5 
99.5 -12.5 
100.5 -12.5 
101.5 -12.5 
102.5 -12.5 
84.5 -11.5 
85.5 -11.5 
86.5 -11.5 
87.5 -11.5 
88.5 -11.5 
89.5 -11.5 
90.5 -11.5 
91.5 -11.5 
92.5 -11.5 
93.5 -11.5 
94.5 -11.5 
95.5 -11.5 
96.5 -11.5 
97.5 -11.5 
98.5 -11.5 
99.5 -11.5 
100.5 -11.5 
101.5 -11.5 
102.5 -11.5 
84.5 -10.5 
85.5 -10.5 
86.5 -10.5 
87.5 -10.5 
88.5 -10.5 
89.5 -10.5 
90.5 -10.5 
91.5 -10.5 
92.5 -10.5 
93.5 -10.5 
94.5 -10.5 
95.5 -10.5 
96.5 -10.5 
97.5 -10.5 
98.5 -10.5 
99.5 -10.5 
100.5 -10.5 
101.5 -10.5 
102.5 -10.5 
84.5 -9.5 
85.5 -9.5 
86.5 -9.5 
87.5 -9.5 
88.5 -9.5 
89.5 -9.5 
90.5 -9.5 
91.5 -9.5 
92.5 -9.5 
93.5 -9.5 
94.5 -9.5 
95.5 -9.5 
96.5 -9.5 
97.5 -9.5 
98.5 -9.5 
99.5 -9.5 
100.5 -9.5 
101.5 -9.5 
102.5 -9.5 
84.5 -8.5 
85.5 -8.5 
86.5 -8.5 
87.5 -8.5 
88.5 -8.5 
89.5 -8.5 
90.5 -8.5 
91.5 -8.5 
92.5 -8.5 
93.5 -8.5 
94.5 -8.5 
95.5 -8.5 
96.5 -8.5 
97.5 -8.5 
98.5 -8.5 
99.5 -8.5 
100.5 -8.5 
101.5 -8.5 
102.5 -8.5 
84.5 -7.5 
85.5 -7.5 
86.5 -7.5 
87.5 -7.5 
88.5 -7.5 
89.5 -7.5 
90.5 -7.5 
91.5 -7.5 
92.5 -7.5 
93.5 -7.5 
94.5 -7.5 
95.5 -7.5 
96.5 -7.5 
97.5 -7.5 
98.5 -7.5 
99.5 -7.5 
100.5 -7.5 
101.5 -7.5 
102.5 -7.5 
84.5 -6.5 
85.5 -6.5 
86.5 -6.5 
87.5 -6.5 
88.5 -6.5 
89.5 -6.5 
90.5 -6.5 
91.5 -6.5 
92.5 -6.5 
93.5 -6.5 
94.5 -6.5 
95.5 -6.5 
96.5 -6.5 
97.5 -6.5 
98.5 -6.5 
99.5 -6.5 
100.5 -6.5 
101.5 -6.5 
102.5 -6.5 
60.0 -19.5 
61.0 -19.5 
62.0 -19.5 
63.0 -19.5 
64.0 -19.5 
65.0 -19.5 
66.0 -19.5 
67.0 -19.5 
68.0 -19.5 
69.0 -19.5 
70.0 -19.5 
71.0 -19.5 
72.0 -19.5 
73.0 -19.5 
60.0 -18.5 
61.0 -18.5 
62.0 -18.5 
63.0 -18.5 
64.0 -18.5 
65.0 -18.5 
66.0 -18.5 
67.0 -18.5 
68.0 -18.5 
69.0 -18.5 
70.0 -18.5 
71.0 -18.5 
72.0 -18.5 
73.0 -18.5 
60.0 -17.5 
61.0 -17.5 
62.0 -17.5 
63.0 -17.5 
64.0 -17.5 
65.0 -17.5 
66.0 -17.5 
67.0 -17.5 
68.0 -17.5 
69.0 -17.5 
70.0 -17.5 
71.0 -17.5 
72.0 -17.5 
73.0 -17.5 
60.0 -16.5 
61.0 -16.5 
62.0 -16.5 
63.0 -16.5 
64.0 -16.5 
65.0 -16.5 
66.0 -16.5 
67.0 -16.5 
68.0 -16.5 
69.0 -16.5 
70.0 -16.5 
71.0 -16.5 
72.0 -16.5 
73.0 -16.5 
60.0 -15.5 
61.0 -15.5 
62.0 -15.5 
63.0 -15.5 
64.0 -15.5 
65.0 -15.5 
66.0 -15.5 
67.0 -15.5 
68.0 -15.5 
69.0 -15.5 
70.0 -15.5 
71.0 -15.5 
72.0 -15.5 
73.0 -15.5 
60.0 -14.5 
61.0 -14.5 
62.0 -14.5 
63.0 -14.5 
64.0 -14.5 
65.0 -14.5 
66.0 -14.5 
67.0 -14.5 
68.0 -14.5 
69.0 -14.5 
70.0 -14.5 
71.0 -14.5 
72.0 -14.5 
73.0 -14.5 
60.0 -13.5 
61.0 -13.5 
62.0 -13.5 
63.0 -13.5 
64.0 -13.5 
65.0 -13.5 
66.0 -13.5 
67.0 -13.5 
68.0 -13.5 
69.0 -13.5 
70.0 -13.5 
71.0 -13.5 
72.0 -13.5 
73.0 -13.5 
60.0 -12.5 
61.0 -12.5 
62.0 -12.5 
63.0 -12.5 
64.0 -12.5 
65.0 -12.5 
66.0 -12.5 
67.0 -12.5 
68.0 -12.5 
69.0 -12.5 
70.0 -12.5 
71.0 -12.5 
72.0 -12.5 
73.0 -12.5 
60.0 -11.5 
61.0 -11.5 
62.0 -11.5 
63.0 -11.5 
64.0 -11.5 
65.0 -11.5 
66.0 -11.5 
67.0 -11.5 
68.0 -11.5 
69.0 -11.5 
70.0 -11.5 
71.0 -11.5 
72.0 -11.5 
73.0 -11.5 
60.0 -10.5 
61.0 -10.5 
62.0 -10.5 
63.0 -10.5 
64.0 -10.5 
65.0 -10.5 
66.0 -10.5 
67.0 -10.5 
68.0 -10.5 
69.0 -10.5 
70.0 -10.5 
71.0 -10.5 
72.0 -10.5 
73.0 -10.5 
56.0 21.5 
57.0 21.5 
58.0 21.5 
59.0 21.5 
60.0 21.5 
61.0 21.5 
62.0 21.5 
63.0 21.5 
64.0 21.5 
65.0 21.5 
66.0 21.5 
67.0 21.5 
68.0 21.5 
69.0 21.5 
56.0 22.5 
57.0 22.5 
58.0 22.5 
59.0 22.5 
60.0 22.5 
61.0 22.5 
62.0 22.5 
63.0 22.5 
64.0 22.5 
65.0 22.5 
66.0 22.5 
67.0 22.5 
68.0 22.5 
69.0 22.5 
56.0 23.5 
57.0 23.5 
58.0 23.5 
59.0 23.5 
60.0 23.5 
61.0 23.5 
62.0 23.5 
63.0 23.5 
64.0 23.5 
65.0 23.5 
66.0 23.5 
67.0 23.5 
68.0 23.5 
69.0 23.5 
56.0 24.5 
57.0 24.5 
58.0 24.5 
59.0 24.5 
60.0 24.5 
61.0 24.5 
62.0 24.5 
63.0 24.5 
64.0 24.5 
65.0 24.5 
66.0 24.5 
67.0 24.5 
68.0 24.5 
69.0 24.5 
56.0 25.5 
57.0 25.5 
58.0 25.5 
59.0 25.5 
60.0 25.5 
61.0 25.5 
62.0 25.5 
63.0 25.5 
64.0 25.5 
65.0 25.5 
66.0 25.5 
67.0 25.5 
68.0 25.5 
69.0 25.5 
56.0 26.5 
57.0 26.5 
58.0 26.5 
59.0 26.5 
60.0 26.5 
61.0 26.5 
62.0 26.5 
63.0 26.5 
64.0 26.5 
65.0 26.5 
66.0 26.5 
67.0 26.5 
68.0 26.5 
69.0 26.5 
56.0 27.5 
57.0 27.5 
58.0 27.5 
59.0 27.5 
60.0 27.5 
61.0 27.5 
62.0 27.5 
63.0 27.5 
64.0 27.5 
65.0 27.5 
66.0 27.5 
67.0 27.5 
68.0 27.5 
69.0 27.5 
56.0 28.5 
57.0 28.5 
58.0 28.5 
59.0 28.5 
60.0 28.5 
61.0 28.5 
62.0 28.5 
63.0 28.5 
64.0 28.5 
65.0 28.5 
66.0 28.5 
67.0 28.5 
68.0 28.5 
69.0 28.5 
56.0 29.5 
57.0 29.5 
58.0 29.5 
59.0 29.5 
60.0 29.5 
61.0 29.5 
62.0 29.5 
63.0 29.5 
64.0 29.5 
65.0 29.5 
66.0 29.5 
67.0 29.5 
68.0 29.5 
69.0 29.5 
56.0 30.5 
57.0 30.5 
58.0 30.5 
59.0 30.5 
60.0 30.5 
61.0 30.5 
62.0 30.5 
63.0 30.5 
64.0 30.5 
65.0 30.5 
66.0 30.5 
67.0 30.5 
68.0 30.5 
69.0 30.5 
59.5 -35.0 
60.5 -35.0 
61.5 -35.0 
62.5 -35.0 
63.5 -35.0 
64.5 -35.0 
65.5 -35.0 
66.5 -35.0 
67.5 -35.0 
68.5 -35.0 
69.5 -35.0 
59.5 -34.0 
60.5 -34.0 
61.5 -34.0 
62.5 -34.0 
63.5 -34.0 
64.5 -34.0 
65.5 -34.0 
66.5 -34.0 
67.5 -34.0 
68.5 -34.0 
69.5 -34.0 
59.5 -33.0 
60.5 -33.0 
61.5 -33.0 
62.5 -33.0 
63.5 -33.0 
64.5 -33.0 
65.5 -33.0 
66.5 -33.0 
67.5 -33.0 
68.5 -33.0 
69.5 -33.0 
59.5 -32.0 
60.5 -32.0 
61.5 -32.0 
62.5 -32.0 
63.5 -32.0 
64.5 -32.0 
65.5 -32.0 
66.5 -32.0 
67.5 -32.0 
68.5 -32.0 
69.5 -32.0 
59.5 -31.0 
60.5 -31.0 
61.5 -31.0 
62.5 -31.0 
63.5 -31.0 
64.5 -31.0 
65.5 -31.0 
66.5 -31.0 
67.5 -31.0 
68.5 -31.0 
69.5 -31.0 
59.5 -30.0 
60.5 -30.0 
61.5 -30.0 
62.5 -30.0 
63.5 -30.0 
64.5 -30.0 
65.5 -30.0 
66.5 -30.0 
67.5 -30.0 
68.5 -30.0 
69.5 -30.0 
59.5 -29.0 
60.5 -29.0 
61.5 -29.0 
62.5 -29.0 
63.5 -29.0 
64.5 -29.0 
65.5 -29.0 
66.5 -29.0 
67.5 -29.0 
68.5 -29.0 
69.5 -29.0 
59.5 -28.0 
60.5 -28.0 
61.5 -28.0 
62.5 -28.0 
63.5 -28.0 
64.5 -28.0 
65.5 -28.0 
66.5 -28.0 
67.5 -28.0 
68.5 -28.0 
69.5 -28.0 
59.5 -27.0 
60.5 -27.0 
61.5 -27.0 
62.5 -27.0 
63.5 -27.0 
64.5 -27.0 
65.5 -27.0 
66.5 -27.0 
67.5 -27.0 
68.5 -27.0 
69.5 -27.0 
59.5 -26.0 
60.5 -26.0 
61.5 -26.0 
62.5 -26.0 
63.5 -26.0 
64.5 -26.0 
65.5 -26.0 
66.5 -26.0 
67.5 -26.0 
68.5 -26.0 
69.5 -26.0 
59.5 -25.0 
60.5 -25.0 
61.5 -25.0 
62.5 -25.0 
63.5 -25.0 
64.5 -25.0 
65.5 -25.0 
66.5 -25.0 
67.5 -25.0 
68.5 -25.0 
69.5 -25.0 
59.5 -24.0 
60.5 -24.0 
61.5 -24.0 
62.5 -24.0 
63.5 -24.0 
64.5 -24.0 
65.5 -24.0 
66.5 -24.0 
67.5 -24.0 
68.5 -24.0 
69.5 -24.0 
59.5 -23.0 
60.5 -23.0 
61.5 -23.0 
62.5 -23.0 
63.5 -23.0 
64.5 -23.0 
65.5 -23.0 
66.5 -23.0 
67.5 -23.0 
68.5 -23.0 
69.5 -23.0 
21.0 -16.5 
22.0 -16.5 
23.0 -16.5 
24.0 -16.5 
25.0 -16.5 
26.0 -16.5 
27.0 -16.5 
28.0 -16.5 
29.0 -16.5 
30.0 -16.5 
31.0 -16.5 
32.0 -16.5 
33.0 -16.5 
34.0 -16.5 
35.0 -16.5 
36.0 -16.5 
37.0 -16.5 
38.0 -16.5 
21.0 -15.5 
22.0 -15.5 
23.0 -15.5 
24.0 -15.5 
25.0 -15.5 
26.0 -15.5 
27.0 -15.5 
28.0 -15.5 
29.0 -15.5 
30.0 -15.5 
31.0 -15.5 
32.0 -15.5 
33.0 -15.5 
34.0 -15.5 
35.0 -15.5 
36.0 -15.5 
37.0 -15.5 
38.0 -15.5 
21.0 -14.5 
22.0 -14.5 
23.0 -14.5 
24.0 -14.5 
25.0 -14.5 
26.0 -14.5 
27.0 -14.5 
28.0 -14.5 
29.0 -14.5 
30.0 -14.5 
31.0 -14.5 
32.0 -14.5 
33.0 -14.5 
34.0 -14.5 
35.0 -14.5 
36.0 -14.5 
37.0 -14.5 
38.0 -14.5 
21.0 -13.5 
22.0 -13.5 
23.0 -13.5 
24.0 -13.5 
25.0 -13.5 
26.0 -13.5 
27.0 -13.5 
28.0 -13.5 
29.0 -13.5 
30.0 -13.5 
31.0 -13.5 
32.0 -13.5 
33.0 -13.5 
34.0 -13.5 
35.0 -13.5 
36.0 -13.5 
37.0 -13.5 
38.0 -13.5 
21.0 -12.5 
22.0 -12.5 
23.0 -12.5 
24.0 -12.5 
25.0 -12.5 
26.0 -12.5 
27.0 -12.5 
28.0 -12.5 
29.0 -12.5 
30.0 -12.5 
31.0 -12.5 
32.0 -12.5 
33.0 -12.5 
34.0 -12.5 
35.0 -12.5 
36.0 -12.5 
37.0 -12.5 
38.0 -12.5 
21.0 -11.5 
22.0 -11.5 
23.0 -11.5 
24.0 -11.5 
25.0 -11.5 
26.0 -11.5 
27.0 -11.5 
28.0 -11.5 
29.0 -11.5 
30.0 -11.5 
31.0 -11.5 
32.0 -11.5 
33.0 -11.5 
34.0 -11.5 
35.0 -11.5 
36.0 -11.5 
37.0 -11.5 
38.0 -11.5 
121.5 -7.5 
122.5 -7.5 
123.5 -7.5 
121.5 -6.5 
122.5 -6.5 
123.5 -6.5 
40.5 -46.5 
41.5 -46.5 
42.5 -46.5 
40.5 -45.5 
41.5 -45.5 
42.5 -45.5 
-27.5 43.5 
-26.5 43.5 
-25.5 43.5 
-27.5 44.5 
-26.5 44.5 
-25.5 44.5 
-7.5 -1.5 
-6.5 -1.5 
-5.5 -1.5 
-7.5 -0.5 
-6.5 -0.5 
-5.5 -0.5 
-14.5 5.5 
-13.5 5.5 
-12.5 5.5 
-14.5 6.5 
-13.5 6.5 
-12.5 6.5 
106.5 -47.5 
107.5 -47.5 
108.5 -47.5 
106.5 -46.5 
107.5 -46.5 
108.5 -46.5 
77.5 -44.5 
78.5 -44.5 
79.5 -44.5 
77.5 -43.5 
78.5 -43.5 
79.5 -43.5 
119.5 0.5 
120.5 0.5 
121.5 0.5 
119.5 1.5 
120.5 1.5 
121.5 1.5 
-42.5 -38.5 
-41.5 -38.5 
-40.5 -38.5 
-42.5 -37.5 
-41.5 -37.5 
-40.5 -37.5 
43.5 11.5 
44.5 11.5 
45.5 11.5 
43.5 12.5 
44.5 12.5 
45.5 12.5 
117.5 37.5 
118.5 37.5 
119.5 37.5 
117.5 38.5 
118.5 38.5 
119.5 38.5 
87.5 41.5 
88.5 41.5 
89.5 41.5 
87.5 42.5 
88.5 42.5 
89.5 42.5 
118.5 -30.5 
119.5 -30.5 
120.5 -30.5 
118.5 -29.5 
119.5 -29.5 
120.5 -29.5 
-25.5 0.5 
-24.5 0.5 
-23.5 0.5 
-25.5 1.5 
-24.5 1.5 
-23.5 1.5 
-35.5 -47.5 
-34.5 -47.5 
-33.5 -47.5 
-35.5 -46.5 
-34.5 -46.5 
-33.5 -46.5 
92.5 42.5 
93.5 42.5 
94.5 42.5 
92.5 43.5 
93.5 43.5 
94.5 43.5 
-14.5 46.5 
-13.5 46.5 
-12.5 46.5 
-14.5 47.5 
-13.5 47.5 
-12.5 47.5 
113.5 -1.5 
114.5 -1.5 
115.5 -1.5 
113.5 -0.5 
114.5 -0.5 
115.5 -0.5 
2.5 -43.5 
3.5 -43.5 
4.5 -43.5 
2.5 -42.5 
3.5 -42.5 
4.5 -42.5 
-41.5 36.5 
-40.5 36.5 
-39.5 36.5 
-41.5 37.5 
-40.5 37.5 
-39.5 37.5 
